0	0	1
0	1	1
0	2	1
0	3	1
1	4	1
1	5	1
1	6	1
1	1	1
1	7	1
1	8	1
1	9	1
2	10	1
2	11	1
2	12	1
2	13	1
2	14	1
2	15	1
2	16	1
2	17	1
2	18	1
2	19	1
3	11	1
3	20	1
3	21	1
3	22	1
3	23	1
4	11	1
4	20	1
4	22	1
4	23	1
5	11	1
5	24	1
5	25	1
5	26	1
5	27	1
5	28	1
5	29	1
5	30	1
5	31	1
5	32	1
5	33	1
5	34	1
5	35	1
5	36	1
5	37	1
5	38	1
5	39	1
5	40	1
5	41	1
5	42	1
6	11	1
6	43	1
6	5	1
6	44	1
6	23	1
6	45	1
6	46	1
6	47	1
6	48	1
6	49	1
6	50	1
6	51	1
6	52	1
6	53	1
7	11	1
7	23	1
7	54	1
7	55	1
8	56	1
8	57	1
8	58	1
8	59	1
8	60	1
8	4	1
8	61	1
8	0	1
8	5	1
8	62	1
8	46	1
8	63	1
8	64	1
8	65	1
8	66	1
8	67	1
8	68	1
8	69	1
8	51	1
8	70	1
9	1	1
9	23	1
10	71	1
10	72	1
10	1	1
11	10	1
11	73	1
11	74	1
11	11	1
11	12	1
11	75	1
11	76	1
11	77	1
11	23	1
11	78	1
11	45	1
11	65	1
11	79	1
11	80	1
11	81	1
11	82	1
11	83	1
11	84	1
11	51	1
11	52	1
11	85	1
11	86	1
11	87	1
11	88	1
11	89	1
11	90	1
11	91	1
11	92	1
12	93	1
12	94	1
12	1	1
12	95	1
13	93	1
13	94	1
14	11	1
14	93	1
14	96	1
14	97	1
14	94	1
14	4	1
14	98	1
14	0	1
14	99	1
14	100	1
14	101	1
14	1	1
14	102	1
14	23	1
14	103	1
14	95	1
14	104	1
14	105	1
14	106	1
15	12	1
15	93	1
15	96	1
15	97	1
15	94	1
15	23	1
15	95	1
15	107	1
16	12	1
16	93	1
16	96	1
16	97	1
16	94	1
16	23	1
16	95	1
16	107	1
17	93	1
17	96	1
17	97	1
18	108	1
18	11	1
18	12	1
18	93	1
18	96	1
18	97	1
18	94	1
18	109	1
18	1	1
18	23	1
18	110	1
18	111	1
18	112	1
18	113	1
19	93	1
19	96	1
19	97	1
19	94	1
19	23	1
19	95	1
19	114	1
20	93	1
20	96	1
20	97	1
20	94	1
20	1	1
20	95	1
21	108	1
21	115	1
21	116	1
21	117	1
21	118	1
21	119	1
21	120	1
21	11	1
21	12	1
22	11	1
22	12	1
22	121	1
22	93	1
22	96	1
22	97	1
22	94	1
22	122	1
22	4	1
22	123	1
22	124	1
22	125	1
22	126	1
22	98	1
22	127	1
22	0	1
22	99	1
22	100	1
22	101	1
22	128	1
22	1	1
22	23	1
22	129	1
22	130	1
22	131	1
22	47	1
22	48	1
22	49	1
22	132	1
22	133	1
22	134	1
22	135	1
22	136	1
22	137	1
22	138	1
22	139	1
22	140	1
22	141	1
22	142	1
22	143	1
22	144	1
22	145	1
23	93	1
23	96	1
23	97	1
23	94	1
23	122	1
23	4	1
23	127	1
23	0	1
23	99	1
23	100	1
23	101	1
23	95	1
23	146	1
23	147	1
23	148	1
23	149	1
23	150	1
23	151	1
23	152	1
23	153	1
23	154	1
23	132	1
24	155	1
24	108	1
24	11	1
24	12	1
24	156	1
24	157	1
24	5	1
24	44	1
24	158	1
24	1	1
24	23	1
24	110	1
24	45	1
24	85	1
24	27	1
24	28	1
24	29	1
24	30	1
24	31	1
24	32	1
24	33	1
24	34	1
24	35	1
24	36	1
24	39	1
24	40	1
24	41	1
24	42	1
25	155	1
25	108	1
25	10	1
25	11	1
25	12	1
25	159	1
25	1	1
25	23	1
25	26	1
26	155	1
26	11	1
26	160	1
26	161	1
26	162	1
26	163	1
26	1	1
27	155	1
27	108	1
27	10	1
27	11	1
27	12	1
27	159	1
27	1	1
27	23	1
27	26	1
28	155	1
28	108	1
28	119	1
28	74	1
28	11	1
28	12	1
28	93	1
28	96	1
28	97	1
28	94	1
28	164	1
28	4	1
28	165	1
28	166	1
28	99	1
28	167	1
28	168	1
28	169	1
28	1	1
28	23	1
28	95	1
28	170	1
28	171	1
28	143	1
28	144	1
28	145	1
29	108	1
29	115	1
29	116	1
29	117	1
29	118	1
29	120	1
29	11	1
29	12	1
29	172	1
29	173	1
29	93	1
29	96	1
29	97	1
29	94	1
29	164	1
29	174	1
29	4	1
29	123	1
29	124	1
29	125	1
29	126	1
29	175	1
29	176	1
29	98	1
29	177	1
29	1	1
29	23	1
29	110	1
29	129	1
29	130	1
29	131	1
29	95	1
29	178	1
29	179	1
29	180	1
29	181	1
29	182	1
29	183	1
29	184	1
29	25	1
29	185	1
29	143	1
29	144	1
29	145	1
30	108	1
30	10	1
30	73	1
30	11	1
30	12	1
30	186	1
30	187	1
30	188	1
30	189	1
30	4	1
30	190	1
30	191	1
30	156	1
30	165	1
30	166	1
30	99	1
30	167	1
30	168	1
30	169	1
30	192	1
30	1	1
30	23	1
30	193	1
30	194	1
30	63	1
30	195	1
30	196	1
30	197	1
30	198	1
30	199	1
30	147	1
30	148	1
30	149	1
30	150	1
30	151	1
30	153	1
30	154	1
30	200	1
30	201	1
30	202	1
30	203	1
31	11	1
31	12	1
31	93	1
31	96	1
31	97	1
31	94	1
31	164	1
31	204	1
31	205	1
31	206	1
31	207	1
31	208	1
31	209	1
31	210	1
31	211	1
31	212	1
31	127	1
31	0	1
31	99	1
31	100	1
31	101	1
31	128	1
31	1	1
31	102	1
31	23	1
31	95	1
31	213	1
31	214	1
31	215	1
32	108	1
32	119	1
32	74	1
32	11	1
32	12	1
32	93	1
32	96	1
32	97	1
32	94	1
32	1	1
32	23	1
32	95	1
33	12	1
33	93	1
33	96	1
33	97	1
33	94	1
33	1	1
33	23	1
33	95	1
34	93	1
34	96	1
34	97	1
35	108	1
35	119	1
35	73	1
35	74	1
35	11	1
35	12	1
35	93	1
35	96	1
35	97	1
35	94	1
35	164	1
35	1	1
35	23	1
35	95	1
36	12	1
36	93	1
36	96	1
36	97	1
36	94	1
36	164	1
36	4	1
36	98	1
36	165	1
36	166	1
36	216	1
36	99	1
36	167	1
36	168	1
36	169	1
36	5	1
36	44	1
36	95	1
36	217	1
36	218	1
36	133	1
36	219	1
36	220	1
36	221	1
36	52	1
37	115	1
37	116	1
37	117	1
37	222	1
37	118	1
37	119	1
37	120	1
37	73	1
37	11	1
37	12	1
37	93	1
37	96	1
37	97	1
37	94	1
37	164	1
37	4	1
37	223	1
37	98	1
37	127	1
37	224	1
37	165	1
37	166	1
37	216	1
37	99	1
37	167	1
37	168	1
37	169	1
37	128	1
37	1	1
37	23	1
38	93	1
38	96	1
38	97	1
38	94	1
38	4	1
39	11	1
39	225	1
39	93	1
39	96	1
39	97	1
39	94	1
39	4	1
39	98	1
39	0	1
39	99	1
39	100	1
39	101	1
39	76	1
39	226	1
39	1	1
39	23	1
39	95	1
39	104	1
39	227	1
39	228	1
39	229	1
39	230	1
39	231	1
39	140	1
39	141	1
39	142	1
39	232	1
39	233	1
39	51	1
39	234	1
39	235	1
39	236	1
39	237	1
39	238	1
39	239	1
39	240	1
39	241	1
40	108	1
40	11	1
40	242	1
40	243	1
40	244	1
40	245	1
40	246	1
40	247	1
40	248	1
40	249	1
40	250	1
40	251	1
40	1	1
40	23	1
40	252	1
40	253	1
40	178	1
40	179	1
40	180	1
40	181	1
40	254	1
40	182	1
40	255	1
40	183	1
40	9	1
41	256	1
41	12	1
41	93	1
41	96	1
41	97	1
41	94	1
41	164	1
41	257	1
41	258	1
41	259	1
42	256	1
42	43	1
42	93	1
42	96	1
42	97	1
42	94	1
42	260	1
42	4	1
43	256	1
43	93	1
43	96	1
43	97	1
43	94	1
43	71	1
43	23	1
43	261	1
43	262	1
44	12	1
44	93	1
44	96	1
44	97	1
44	94	1
44	4	1
44	223	1
44	98	1
44	127	1
44	0	1
44	99	1
44	100	1
44	101	1
44	5	1
44	44	1
44	1	1
44	23	1
44	95	1
44	133	1
45	93	1
45	96	1
45	97	1
45	94	1
45	123	1
45	124	1
45	126	1
45	263	1
45	223	1
45	98	1
45	128	1
45	264	1
45	265	1
45	266	1
45	267	1
45	268	1
45	269	1
45	270	1
45	271	1
45	272	1
46	73	1
46	12	1
46	93	1
46	96	1
46	97	1
46	94	1
46	164	1
46	273	1
46	174	1
46	4	1
46	211	1
46	212	1
46	274	1
46	165	1
46	166	1
46	216	1
46	99	1
46	167	1
46	168	1
46	169	1
46	23	1
46	45	1
46	275	1
46	95	1
46	276	1
46	277	1
46	278	1
46	279	1
46	215	1
47	93	1
47	96	1
47	97	1
47	94	1
47	260	1
47	4	1
47	98	1
47	280	1
47	0	1
47	5	1
47	1	1
47	23	1
47	281	1
47	45	1
47	282	1
47	283	1
47	284	1
47	252	1
47	180	1
47	285	1
47	286	1
47	287	1
47	288	1
47	289	1
47	290	1
47	291	1
47	292	1
47	293	1
47	294	1
47	295	1
47	296	1
47	297	1
47	298	1
47	299	1
47	300	1
47	301	1
47	51	1
47	52	1
47	302	1
47	303	1
47	304	1
47	305	1
47	306	1
47	307	1
47	308	1
48	11	1
48	12	1
48	93	1
48	96	1
48	97	1
48	94	1
48	4	1
48	98	1
48	309	1
48	0	1
48	99	1
48	100	1
48	101	1
48	128	1
48	23	1
48	283	1
48	310	1
48	95	1
49	12	1
49	93	1
49	96	1
49	97	1
49	94	1
49	4	1
49	98	1
49	0	1
49	99	1
49	100	1
49	101	1
49	128	1
49	1	1
49	23	1
49	95	1
49	227	1
49	228	1
49	229	1
49	230	1
49	234	1
49	235	1
49	236	1
50	73	1
50	93	1
50	96	1
50	97	1
50	94	1
50	164	1
50	4	1
50	98	1
50	0	1
50	128	1
50	95	1
50	227	1
50	228	1
50	229	1
50	230	1
50	139	1
50	234	1
50	235	1
50	236	1
51	108	1
51	11	1
51	12	1
51	93	1
51	96	1
51	97	1
51	94	1
51	4	1
51	0	1
51	99	1
51	100	1
51	101	1
51	102	1
51	23	1
52	311	1
52	312	1
52	108	1
52	73	1
52	11	1
52	12	1
52	93	1
52	96	1
52	97	1
52	94	1
52	164	1
52	313	1
52	314	1
52	315	1
52	223	1
52	98	1
52	0	1
52	165	1
52	166	1
52	216	1
52	99	1
52	167	1
52	168	1
52	316	1
52	169	1
52	5	1
52	44	1
52	23	1
52	110	1
52	317	1
52	318	1
52	319	1
52	320	1
52	321	1
52	322	1
52	323	1
52	324	1
52	325	1
52	326	1
52	327	1
52	328	1
52	231	1
52	329	1
52	330	1
52	51	1
52	52	1
52	70	1
52	331	1
52	237	1
52	238	1
52	239	1
52	240	1
52	241	1
52	332	1
52	4	1
52	123	1
52	124	1
52	333	1
52	125	1
52	126	1
52	334	1
52	335	1
52	336	1
52	337	1
52	338	1
52	264	1
52	95	1
52	144	1
52	339	1
52	89	1
52	90	1
52	91	1
52	340	1
52	92	1
53	11	1
53	93	1
53	96	1
53	97	1
53	94	1
53	341	1
53	260	1
53	4	1
53	342	1
53	315	1
53	343	1
53	5	1
53	6	1
53	23	1
53	317	1
53	318	1
53	131	1
53	319	1
53	320	1
53	322	1
53	323	1
53	324	1
53	325	1
53	326	1
53	327	1
53	95	1
53	231	1
53	344	1
53	330	1
53	51	1
53	237	1
53	238	1
53	239	1
53	240	1
53	241	1
54	12	1
54	93	1
54	96	1
54	97	1
54	94	1
54	4	1
54	274	1
54	5	1
54	44	1
54	345	1
54	23	1
54	129	1
54	130	1
54	131	1
54	346	1
54	95	1
54	276	1
54	277	1
54	278	1
54	279	1
55	93	1
55	96	1
55	97	1
55	94	1
55	127	1
55	0	1
55	99	1
55	100	1
55	101	1
55	5	1
55	6	1
55	1	1
55	95	1
55	133	1
55	52	1
56	108	1
56	11	1
56	12	1
56	93	1
56	96	1
56	97	1
56	94	1
56	4	1
56	123	1
56	124	1
56	125	1
56	126	1
56	127	1
56	0	1
56	99	1
56	100	1
56	101	1
56	1	1
56	23	1
56	129	1
56	130	1
56	131	1
56	347	1
56	348	1
56	349	1
56	134	1
56	135	1
56	136	1
56	137	1
56	138	1
57	108	1
57	11	1
57	12	1
57	93	1
57	96	1
57	97	1
57	94	1
57	4	1
57	0	1
57	99	1
57	100	1
57	101	1
57	5	1
57	6	1
57	44	1
57	1	1
57	102	1
57	23	1
57	129	1
57	130	1
57	131	1
57	346	1
57	347	1
57	344	1
57	350	1
57	348	1
57	139	1
57	140	1
57	141	1
57	142	1
57	351	1
58	108	1
58	222	1
58	119	1
58	11	1
58	12	1
58	225	1
58	4	1
58	274	1
58	98	1
58	156	1
58	0	1
58	165	1
58	166	1
58	216	1
58	99	1
58	167	1
58	168	1
58	169	1
58	352	1
58	23	1
58	353	1
58	110	1
58	354	1
58	355	1
58	356	1
58	357	1
58	358	1
58	359	1
58	360	1
58	361	1
58	362	1
58	363	1
58	364	1
58	365	1
58	366	1
58	367	1
58	368	1
58	369	1
58	370	1
58	371	1
58	140	1
58	372	1
58	9	1
58	373	1
59	93	1
59	96	1
59	97	1
59	94	1
59	341	1
59	374	1
59	260	1
59	4	1
59	5	1
59	6	1
59	23	1
59	264	1
59	95	1
59	344	1
59	350	1
59	133	1
59	52	1
59	375	1
59	351	1
60	12	1
60	121	1
60	93	1
60	96	1
60	97	1
60	94	1
60	4	1
60	376	1
60	0	1
60	99	1
60	100	1
60	101	1
60	1	1
60	23	1
60	275	1
60	95	1
61	108	1
61	11	1
61	12	1
61	93	1
61	96	1
61	97	1
61	94	1
61	164	1
61	4	1
61	211	1
61	212	1
61	377	1
61	376	1
61	165	1
61	166	1
61	378	1
61	216	1
61	99	1
61	167	1
61	168	1
61	169	1
61	1	1
61	23	1
61	95	1
61	82	1
61	215	1
62	93	1
62	96	1
62	97	1
62	94	1
62	4	1
62	0	1
62	99	1
62	100	1
62	101	1
62	5	1
62	6	1
62	95	1
62	344	1
62	350	1
62	133	1
62	351	1
63	93	1
63	96	1
63	97	1
64	108	1
64	74	1
64	11	1
64	12	1
64	93	1
64	96	1
64	97	1
64	94	1
64	164	1
64	379	1
64	273	1
64	174	1
64	4	1
64	224	1
64	165	1
64	166	1
64	99	1
64	167	1
64	168	1
64	169	1
64	5	1
64	44	1
64	345	1
64	380	1
64	1	1
64	23	1
64	45	1
64	275	1
64	355	1
64	344	1
64	350	1
64	381	1
64	139	1
64	370	1
64	371	1
64	140	1
64	351	1
65	115	1
65	116	1
65	117	1
65	222	1
65	382	1
65	118	1
65	119	1
65	383	1
65	120	1
65	73	1
65	384	1
65	385	1
65	74	1
65	11	1
65	12	1
65	93	1
65	96	1
65	97	1
65	94	1
65	164	1
65	4	1
65	23	1
65	110	1
65	95	1
66	312	1
66	11	1
66	12	1
66	93	1
66	96	1
66	97	1
66	94	1
66	386	1
66	4	1
66	387	1
66	23	1
66	45	1
66	282	1
66	195	1
66	388	1
66	389	1
66	390	1
66	391	1
66	392	1
66	393	1
66	394	1
66	395	1
66	111	1
66	112	1
66	396	1
66	397	1
67	108	1
67	11	1
67	225	1
67	4	1
67	212	1
67	398	1
67	399	1
67	400	1
67	165	1
67	166	1
67	99	1
67	167	1
67	168	1
67	169	1
67	1	1
67	23	1
67	401	1
67	402	1
68	108	1
68	11	1
68	225	1
68	4	1
68	212	1
68	398	1
68	399	1
68	400	1
68	165	1
68	166	1
68	99	1
68	167	1
68	168	1
68	169	1
68	1	1
68	23	1
68	401	1
68	402	1
69	108	1
69	11	1
69	225	1
69	4	1
69	314	1
69	398	1
69	399	1
69	400	1
69	165	1
69	166	1
69	99	1
69	167	1
69	168	1
69	169	1
69	1	1
69	23	1
69	328	1
69	401	1
69	402	1
70	12	1
70	93	1
70	96	1
70	97	1
70	94	1
70	122	1
70	4	1
70	123	1
70	124	1
70	126	1
70	223	1
70	98	1
70	1	1
70	23	1
70	132	1
71	12	1
71	93	1
71	96	1
71	97	1
71	94	1
71	122	1
71	4	1
71	132	1
72	108	1
72	119	1
72	74	1
72	11	1
72	12	1
72	93	1
72	96	1
72	97	1
72	94	1
72	1	1
72	23	1
72	95	1
73	108	1
73	73	1
73	11	1
73	93	1
73	96	1
73	97	1
73	94	1
73	123	1
73	124	1
73	125	1
73	126	1
73	1	1
73	23	1
73	45	1
73	46	1
73	403	1
73	404	1
73	405	1
73	406	1
73	95	1
73	184	1
73	143	1
73	144	1
73	407	1
73	408	1
73	409	1
73	410	1
73	411	1
73	333	1
73	412	1
73	413	1
73	414	1
73	145	1
73	51	1
73	52	1
73	5	1
73	44	1
73	47	1
73	48	1
73	49	1
73	134	1
73	137	1
73	185	1
73	415	1
74	11	1
74	93	1
74	96	1
74	97	1
74	94	1
74	4	1
74	416	1
74	417	1
74	418	1
74	419	1
74	420	1
74	421	1
74	422	1
74	423	1
74	424	1
74	425	1
74	309	1
74	426	1
74	427	1
74	428	1
74	0	1
74	99	1
74	100	1
74	101	1
74	128	1
74	1	1
74	23	1
74	353	1
74	429	1
74	430	1
74	264	1
74	347	1
74	431	1
74	95	1
74	252	1
74	253	1
74	432	1
74	139	1
74	140	1
74	433	1
74	434	1
74	435	1
74	436	1
74	437	1
74	438	1
74	439	1
74	440	1
74	441	1
74	302	1
74	237	1
74	442	1
74	240	1
74	272	1
75	12	1
75	93	1
75	96	1
75	97	1
76	108	1
76	11	1
76	12	1
76	4	1
76	314	1
76	443	1
76	0	1
76	99	1
76	100	1
76	101	1
76	5	1
76	44	1
76	1	1
76	23	1
76	110	1
76	444	1
76	445	1
76	446	1
76	51	1
76	52	1
76	447	1
77	108	1
77	11	1
77	12	1
77	93	1
77	96	1
77	97	1
77	94	1
77	1	1
77	23	1
77	170	1
77	178	1
77	179	1
77	180	1
77	181	1
77	254	1
77	182	1
77	183	1
77	47	1
77	48	1
77	49	1
77	133	1
77	171	1
77	143	1
77	144	1
77	145	1
77	448	1
78	108	1
78	119	1
78	74	1
78	11	1
78	12	1
78	93	1
78	96	1
78	97	1
78	94	1
78	4	1
78	223	1
78	98	1
78	1	1
78	23	1
78	95	1
79	108	1
79	119	1
79	74	1
79	11	1
79	12	1
79	93	1
79	96	1
79	97	1
79	94	1
79	223	1
79	98	1
79	1	1
79	23	1
79	95	1
80	108	1
80	119	1
80	73	1
80	74	1
80	11	1
80	12	1
80	93	1
80	96	1
80	97	1
80	94	1
80	164	1
80	223	1
80	98	1
80	1	1
80	23	1
80	95	1
81	11	1
81	12	1
81	93	1
81	96	1
81	97	1
81	94	1
81	4	1
81	127	1
81	165	1
81	166	1
81	99	1
81	167	1
81	168	1
81	169	1
81	128	1
81	449	1
81	1	1
81	102	1
81	23	1
81	450	1
81	451	1
81	95	1
81	170	1
81	213	1
81	171	1
81	143	1
81	144	1
81	145	1
81	214	1
82	312	1
82	108	1
82	11	1
82	4	1
82	212	1
82	98	1
82	0	1
82	99	1
82	100	1
82	101	1
82	1	1
82	102	1
82	23	1
82	452	1
82	453	1
82	454	1
82	455	1
82	456	1
82	457	1
82	458	1
82	459	1
82	460	1
82	461	1
82	282	1
82	195	1
82	146	1
82	147	1
82	148	1
82	149	1
82	150	1
82	151	1
82	152	1
82	153	1
82	154	1
82	462	1
82	463	1
82	402	1
82	464	1
82	465	1
82	466	1
82	467	1
82	468	1
82	469	1
83	470	1
83	93	1
83	96	1
83	97	1
83	94	1
83	4	1
83	1	1
83	95	1
83	471	1
84	470	1
84	93	1
84	96	1
84	97	1
84	94	1
84	4	1
84	1	1
84	95	1
84	471	1
85	470	1
85	93	1
85	96	1
85	97	1
85	94	1
85	1	1
85	95	1
86	470	1
86	93	1
86	96	1
86	97	1
86	94	1
86	1	1
86	95	1
87	470	1
87	93	1
87	96	1
87	97	1
87	94	1
87	128	1
87	1	1
87	471	1
88	470	1
88	93	1
88	96	1
88	97	1
88	94	1
88	1	1
88	95	1
89	470	1
89	93	1
89	96	1
89	97	1
89	94	1
89	128	1
89	1	1
89	95	1
90	470	1
90	93	1
90	96	1
90	97	1
90	94	1
90	1	1
90	471	1
91	470	1
91	93	1
91	96	1
91	97	1
91	94	1
91	128	1
91	1	1
91	95	1
92	470	1
92	93	1
92	96	1
92	97	1
92	94	1
92	1	1
92	95	1
93	108	1
93	119	1
93	73	1
93	74	1
93	11	1
93	12	1
93	93	1
93	96	1
93	97	1
93	94	1
93	164	1
93	122	1
93	4	1
93	98	1
93	177	1
93	165	1
93	166	1
93	99	1
93	167	1
93	168	1
93	169	1
93	109	1
93	472	1
93	1	1
93	23	1
93	406	1
93	95	1
93	132	1
93	473	1
93	474	1
93	475	1
93	476	1
93	477	1
93	478	1
93	479	1
93	480	1
93	481	1
93	482	1
93	403	1
93	413	1
93	405	1
93	483	1
94	73	1
94	93	1
94	96	1
94	97	1
94	94	1
94	164	1
94	204	1
94	4	1
94	127	1
94	0	1
94	99	1
94	100	1
94	101	1
94	5	1
94	44	1
94	345	1
94	380	1
94	1	1
94	23	1
94	264	1
94	95	1
94	133	1
94	139	1
94	140	1
94	141	1
94	142	1
95	12	1
95	121	1
95	93	1
95	96	1
95	97	1
95	94	1
95	204	1
95	341	1
95	374	1
95	484	1
95	260	1
95	485	1
95	4	1
95	211	1
95	212	1
95	223	1
95	98	1
95	127	1
95	0	1
95	99	1
95	100	1
95	101	1
95	5	1
95	6	1
95	345	1
95	380	1
95	1	1
95	23	1
95	264	1
95	95	1
95	139	1
95	140	1
95	141	1
95	142	1
95	52	1
96	108	1
96	486	1
96	10	1
96	384	1
96	11	1
96	12	1
96	332	1
96	123	1
96	124	1
96	333	1
96	125	1
96	126	1
96	98	1
96	177	1
96	165	1
96	166	1
96	216	1
96	99	1
96	167	1
96	168	1
96	316	1
96	169	1
96	158	1
96	1	1
96	23	1
96	110	1
96	131	1
96	185	1
96	51	1
97	108	1
97	11	1
97	12	1
97	93	1
97	96	1
97	97	1
97	94	1
97	4	1
97	211	1
97	212	1
97	223	1
97	98	1
97	156	1
97	127	1
97	224	1
97	177	1
97	165	1
97	166	1
97	99	1
97	167	1
97	168	1
97	169	1
97	5	1
97	44	1
97	109	1
97	128	1
97	345	1
97	380	1
97	449	1
97	1	1
97	23	1
97	487	1
97	129	1
97	130	1
97	194	1
97	63	1
97	195	1
97	196	1
97	197	1
97	131	1
97	252	1
97	178	1
97	179	1
97	180	1
97	181	1
97	254	1
97	182	1
97	488	1
97	183	1
97	47	1
97	48	1
97	49	1
97	489	1
97	490	1
97	139	1
97	140	1
97	141	1
97	143	1
97	144	1
97	145	1
97	448	1
97	491	1
98	108	1
98	222	1
98	11	1
98	12	1
98	225	1
98	93	1
98	96	1
98	97	1
98	94	1
98	164	1
98	174	1
98	374	1
98	260	1
98	4	1
98	274	1
98	165	1
98	166	1
98	99	1
98	167	1
98	168	1
98	169	1
98	5	1
98	44	1
98	473	1
98	492	1
98	474	1
98	475	1
98	476	1
98	472	1
98	477	1
98	478	1
98	479	1
98	480	1
98	481	1
98	493	1
98	494	1
98	23	1
98	78	1
98	129	1
98	130	1
98	495	1
98	195	1
98	496	1
98	497	1
98	498	1
98	131	1
98	264	1
98	95	1
98	355	1
98	276	1
98	277	1
98	499	1
98	349	1
98	445	1
98	500	1
98	501	1
98	502	1
98	339	1
98	503	1
98	504	1
98	505	1
98	506	1
98	507	1
98	508	1
98	272	1
99	74	1
99	11	1
99	93	1
99	96	1
99	97	1
99	94	1
99	174	1
99	127	1
99	5	1
99	44	1
99	109	1
99	509	1
99	449	1
99	1	1
99	23	1
99	194	1
99	63	1
99	195	1
99	196	1
99	197	1
99	131	1
99	275	1
99	95	1
99	178	1
99	180	1
99	254	1
99	488	1
99	133	1
99	144	1
99	145	1
100	108	1
100	11	1
100	247	1
100	248	1
100	510	1
100	249	1
100	1	1
100	23	1
100	252	1
100	253	1
100	178	1
100	180	1
100	254	1
100	9	1
101	222	1
101	11	1
101	12	1
101	93	1
101	96	1
101	97	1
101	94	1
101	174	1
101	511	1
101	4	1
101	314	1
101	123	1
101	124	1
101	125	1
101	126	1
101	98	1
101	165	1
101	166	1
101	99	1
101	167	1
101	168	1
101	169	1
101	1	1
101	102	1
101	23	1
101	103	1
101	512	1
101	82	1
102	12	1
102	93	1
102	96	1
102	97	1
102	94	1
102	5	1
102	95	1
102	133	1
103	312	1
103	513	1
103	514	1
103	93	1
103	96	1
103	97	1
103	94	1
103	98	1
103	5	1
103	6	1
103	109	1
103	1	1
103	194	1
103	63	1
103	195	1
103	196	1
103	197	1
103	114	1
103	133	1
103	441	1
103	515	1
103	52	1
103	272	1
104	93	1
104	96	1
104	97	1
104	94	1
104	98	1
104	5	1
104	6	1
104	128	1
104	1	1
104	133	1
104	441	1
104	52	1
104	272	1
104	471	1
105	11	1
105	12	1
105	93	1
105	96	1
105	97	1
105	94	1
105	4	1
105	516	1
105	98	1
105	127	1
105	0	1
105	99	1
105	100	1
105	101	1
105	5	1
105	44	1
105	128	1
105	517	1
105	518	1
105	519	1
105	520	1
105	521	1
105	522	1
105	1	1
105	102	1
105	23	1
105	103	1
105	194	1
105	63	1
105	195	1
105	196	1
105	197	1
105	64	1
105	146	1
105	147	1
105	148	1
105	149	1
105	150	1
105	151	1
105	152	1
105	153	1
105	154	1
105	133	1
105	139	1
105	140	1
106	108	1
106	119	1
106	73	1
106	74	1
106	11	1
106	12	1
106	93	1
106	96	1
106	97	1
106	94	1
106	164	1
106	4	1
106	211	1
106	212	1
106	523	1
106	127	1
106	165	1
106	166	1
106	99	1
106	167	1
106	168	1
106	169	1
106	449	1
106	1	1
106	23	1
106	95	1
106	441	1
106	215	1
106	272	1
107	12	1
107	93	1
107	96	1
107	97	1
107	94	1
107	4	1
107	0	1
107	99	1
107	100	1
107	101	1
107	109	1
107	1	1
107	102	1
107	23	1
107	103	1
107	95	1
107	139	1
107	140	1
107	141	1
107	142	1
108	11	1
108	93	1
108	96	1
108	97	1
108	94	1
108	223	1
108	98	1
108	0	1
108	99	1
108	100	1
108	101	1
108	23	1
108	95	1
109	108	1
109	11	1
109	4	1
109	224	1
109	0	1
109	99	1
109	100	1
109	101	1
109	1	1
109	23	1
109	469	1
109	524	1
110	108	1
110	73	1
110	11	1
110	93	1
110	96	1
110	97	1
110	94	1
110	164	1
110	174	1
110	4	1
110	314	1
110	123	1
110	124	1
110	125	1
110	126	1
110	525	1
110	98	1
110	526	1
110	127	1
110	165	1
110	166	1
110	99	1
110	167	1
110	168	1
110	169	1
110	5	1
110	44	1
110	109	1
110	128	1
110	527	1
110	1	1
110	23	1
110	95	1
110	178	1
110	179	1
110	180	1
110	181	1
110	254	1
110	182	1
110	183	1
110	401	1
110	528	1
110	529	1
110	530	1
110	531	1
110	185	1
110	532	1
110	533	1
110	129	1
110	130	1
110	131	1
110	534	1
110	535	1
110	536	1
110	177	1
110	265	1
110	267	1
110	268	1
110	25	1
110	370	1
110	371	1
110	140	1
110	143	1
110	144	1
110	145	1
110	537	1
111	93	1
111	96	1
111	97	1
111	94	1
111	4	1
111	98	1
111	127	1
111	5	1
111	6	1
111	128	1
111	345	1
111	95	1
112	93	1
112	96	1
112	97	1
112	94	1
112	4	1
112	98	1
112	538	1
112	0	1
112	99	1
112	100	1
112	101	1
112	1	1
112	102	1
112	23	1
112	539	1
112	540	1
112	541	1
112	542	1
112	543	1
112	544	1
112	545	1
112	546	1
113	12	1
113	93	1
113	96	1
113	97	1
113	94	1
113	1	1
113	23	1
113	95	1
114	11	1
114	12	1
114	93	1
114	96	1
114	97	1
114	94	1
114	374	1
114	260	1
114	4	1
114	123	1
114	124	1
114	126	1
114	263	1
114	127	1
114	0	1
114	99	1
114	100	1
114	101	1
114	128	1
114	509	1
114	1	1
114	23	1
114	347	1
114	431	1
114	547	1
114	139	1
114	140	1
114	141	1
114	548	1
114	549	1
114	142	1
114	269	1
114	270	1
114	271	1
115	12	1
115	93	1
115	96	1
115	97	1
115	94	1
115	4	1
115	211	1
115	212	1
115	0	1
115	99	1
115	100	1
115	101	1
115	128	1
115	1	1
115	23	1
116	108	1
116	11	1
116	12	1
116	225	1
116	93	1
116	96	1
116	97	1
116	94	1
116	127	1
116	449	1
116	1	1
116	23	1
117	11	1
117	12	1
117	121	1
117	93	1
117	96	1
117	97	1
117	94	1
117	127	1
117	449	1
117	1	1
117	102	1
117	23	1
117	213	1
117	214	1
117	272	1
118	108	1
118	119	1
118	74	1
118	11	1
118	12	1
118	93	1
118	96	1
118	97	1
118	94	1
118	1	1
118	23	1
118	95	1
119	12	1
119	93	1
119	96	1
119	97	1
119	94	1
119	23	1
119	95	1
119	114	1
120	93	1
120	96	1
120	97	1
120	94	1
120	0	1
120	99	1
120	100	1
120	101	1
120	102	1
120	23	1
120	95	1
120	213	1
120	214	1
121	93	1
121	96	1
121	97	1
121	94	1
121	1	1
121	95	1
122	93	1
122	96	1
122	97	1
122	94	1
122	1	1
122	95	1
123	93	1
123	96	1
123	97	1
123	94	1
123	1	1
123	95	1
124	93	1
124	96	1
124	97	1
124	94	1
124	5	1
124	6	1
124	345	1
124	1	1
124	63	1
124	252	1
124	2	1
125	12	1
125	93	1
125	96	1
125	97	1
125	94	1
125	4	1
125	0	1
125	128	1
125	139	1
125	140	1
125	141	1
125	142	1
126	11	1
126	12	1
126	93	1
126	96	1
126	97	1
126	94	1
126	123	1
126	124	1
126	126	1
126	223	1
126	98	1
126	0	1
126	99	1
126	100	1
126	101	1
126	5	1
126	44	1
126	109	1
126	128	1
126	345	1
126	509	1
126	1	1
126	23	1
126	403	1
126	412	1
126	404	1
126	413	1
126	405	1
126	414	1
126	406	1
126	95	1
126	170	1
126	47	1
126	48	1
126	49	1
126	265	1
126	266	1
126	267	1
126	268	1
126	185	1
126	171	1
126	143	1
126	144	1
126	145	1
126	448	1
127	108	1
127	119	1
127	74	1
127	11	1
127	12	1
127	93	1
127	96	1
127	97	1
127	94	1
127	122	1
127	4	1
127	109	1
127	1	1
127	23	1
127	550	1
127	95	1
127	132	1
128	12	1
128	93	1
128	96	1
128	97	1
128	94	1
128	0	1
128	99	1
128	100	1
128	101	1
128	23	1
128	95	1
128	133	1
129	11	1
129	189	1
129	93	1
129	96	1
129	97	1
129	94	1
129	4	1
129	514	1
129	23	1
129	551	1
129	402	1
129	464	1
129	552	1
129	553	1
129	312	1
129	513	1
130	12	1
130	93	1
130	96	1
130	97	1
130	94	1
130	122	1
130	4	1
130	274	1
130	223	1
130	98	1
130	0	1
130	99	1
130	100	1
130	101	1
130	5	1
130	44	1
130	109	1
130	23	1
130	95	1
130	132	1
130	276	1
130	277	1
130	278	1
130	279	1
130	133	1
131	12	1
131	93	1
131	96	1
131	97	1
131	94	1
131	224	1
131	1	1
131	102	1
131	95	1
131	113	1
132	93	1
132	96	1
132	97	1
132	94	1
132	224	1
132	1	1
132	95	1
132	113	1
133	108	1
133	119	1
133	74	1
133	11	1
133	12	1
133	93	1
133	96	1
133	97	1
133	94	1
133	223	1
133	98	1
133	1	1
133	23	1
133	95	1
134	108	1
134	73	1
134	11	1
134	12	1
134	93	1
134	96	1
134	97	1
134	94	1
134	164	1
134	1	1
134	23	1
134	178	1
134	179	1
134	180	1
134	181	1
134	254	1
134	182	1
134	183	1
134	133	1
135	93	1
135	96	1
135	97	1
135	94	1
135	1	1
135	95	1
136	93	1
136	96	1
136	97	1
136	94	1
136	98	1
136	128	1
136	1	1
136	95	1
136	227	1
136	228	1
136	229	1
136	230	1
136	234	1
136	235	1
136	236	1
137	108	1
137	11	1
137	12	1
137	93	1
137	96	1
137	97	1
137	94	1
137	1	1
137	23	1
137	129	1
137	130	1
137	131	1
137	346	1
137	178	1
137	179	1
137	180	1
137	181	1
137	254	1
137	182	1
137	183	1
137	133	1
138	108	1
138	11	1
138	12	1
138	93	1
138	96	1
138	97	1
138	94	1
138	164	1
138	1	1
138	23	1
138	170	1
138	178	1
138	179	1
138	180	1
138	181	1
138	254	1
138	182	1
138	183	1
138	133	1
138	171	1
138	143	1
138	144	1
138	145	1
139	108	1
139	11	1
139	12	1
139	93	1
139	96	1
139	97	1
139	94	1
139	1	1
139	23	1
139	170	1
139	178	1
139	179	1
139	180	1
139	181	1
139	254	1
139	182	1
139	183	1
139	133	1
139	171	1
139	143	1
139	144	1
139	145	1
140	108	1
140	73	1
140	11	1
140	12	1
140	93	1
140	96	1
140	97	1
140	94	1
140	164	1
140	1	1
140	23	1
140	170	1
140	178	1
140	179	1
140	180	1
140	181	1
140	254	1
140	182	1
140	183	1
140	133	1
140	171	1
140	143	1
140	144	1
140	145	1
141	108	1
141	115	1
141	116	1
141	117	1
141	222	1
141	10	1
141	118	1
141	119	1
141	120	1
141	73	1
141	385	1
141	11	1
141	12	1
141	75	1
141	4	1
141	156	1
141	554	1
141	555	1
141	165	1
141	166	1
141	216	1
141	99	1
141	167	1
141	168	1
141	169	1
141	556	1
141	1	1
141	23	1
141	110	1
141	45	1
141	283	1
141	328	1
141	491	1
141	557	1
141	558	1
141	199	1
141	559	1
141	560	1
141	561	1
141	446	1
141	562	1
141	563	1
141	564	1
142	11	1
142	12	1
142	93	1
142	96	1
142	97	1
142	94	1
142	4	1
142	123	1
142	124	1
142	125	1
142	126	1
142	23	1
142	129	1
142	130	1
142	131	1
142	346	1
142	95	1
142	170	1
142	184	1
142	171	1
142	143	1
142	144	1
142	145	1
143	93	1
143	96	1
143	97	1
143	94	1
143	1	1
143	265	1
143	266	1
143	267	1
143	268	1
143	114	1
144	11	1
144	12	1
144	93	1
144	96	1
144	97	1
144	94	1
144	123	1
144	124	1
144	126	1
144	128	1
144	1	1
144	23	1
144	265	1
144	266	1
144	267	1
144	268	1
144	114	1
145	12	1
145	93	1
145	96	1
145	97	1
145	94	1
145	565	1
145	566	1
145	133	1
146	12	1
146	93	1
146	96	1
146	97	1
146	94	1
146	127	1
146	23	1
147	93	1
147	96	1
147	97	1
147	94	1
147	4	1
147	1	1
147	95	1
147	265	1
147	567	1
147	266	1
147	267	1
147	268	1
148	108	1
148	115	1
148	116	1
148	117	1
148	118	1
148	119	1
148	120	1
148	11	1
148	12	1
148	4	1
148	1	1
148	23	1
148	110	1
148	568	1
149	12	1
149	93	1
149	96	1
149	97	1
149	94	1
149	164	1
149	4	1
149	165	1
149	166	1
149	99	1
149	167	1
149	168	1
149	169	1
149	109	1
149	23	1
149	550	1
149	129	1
149	130	1
149	131	1
149	346	1
149	95	1
149	272	1
150	108	1
150	222	1
150	119	1
150	73	1
150	384	1
150	11	1
150	12	1
150	569	1
150	4	1
150	314	1
150	156	1
150	165	1
150	166	1
150	99	1
150	167	1
150	168	1
150	169	1
150	76	1
150	570	1
150	23	1
150	62	1
150	78	1
150	45	1
150	571	1
150	491	1
150	572	1
150	573	1
150	574	1
150	575	1
150	563	1
150	576	1
150	577	1
150	578	1
150	579	1
150	580	1
150	581	1
150	447	1
151	93	1
151	96	1
151	97	1
151	94	1
152	108	1
152	119	1
152	74	1
152	11	1
152	12	1
152	93	1
152	96	1
152	97	1
152	94	1
152	127	1
152	1	1
152	23	1
152	95	1
153	12	1
153	93	1
153	96	1
153	97	1
153	94	1
153	1	1
153	23	1
153	95	1
154	12	1
154	93	1
154	96	1
154	97	1
154	94	1
154	5	1
154	6	1
154	95	1
154	133	1
154	441	1
154	272	1
155	108	1
155	11	1
155	12	1
155	93	1
155	96	1
155	97	1
155	94	1
155	164	1
155	174	1
155	123	1
155	124	1
155	125	1
155	126	1
155	525	1
155	582	1
155	98	1
155	526	1
155	127	1
155	5	1
155	44	1
155	1	1
155	23	1
155	110	1
155	95	1
155	178	1
155	179	1
155	180	1
155	181	1
155	254	1
155	182	1
155	183	1
155	531	1
155	185	1
155	532	1
155	533	1
155	530	1
155	129	1
155	130	1
155	131	1
155	534	1
155	535	1
155	536	1
155	177	1
155	265	1
155	267	1
155	268	1
155	25	1
155	370	1
155	371	1
155	140	1
155	143	1
155	144	1
155	145	1
155	537	1
156	12	1
156	583	1
156	93	1
156	96	1
156	97	1
156	94	1
156	4	1
156	98	1
156	0	1
156	5	1
156	6	1
156	1	1
156	23	1
156	404	1
156	413	1
156	405	1
156	406	1
156	95	1
156	170	1
156	133	1
156	139	1
156	140	1
156	141	1
156	142	1
156	171	1
156	145	1
156	51	1
156	113	1
157	12	1
157	93	1
157	96	1
157	97	1
157	94	1
157	4	1
157	165	1
157	166	1
157	99	1
157	167	1
157	168	1
157	169	1
157	1	1
157	23	1
157	95	1
158	11	1
158	205	1
158	206	1
158	207	1
158	208	1
158	584	1
158	209	1
158	210	1
158	585	1
158	212	1
158	377	1
158	376	1
158	177	1
158	165	1
158	166	1
158	99	1
158	167	1
158	168	1
158	169	1
158	1	1
158	23	1
158	586	1
158	587	1
158	588	1
158	589	1
158	590	1
158	591	1
158	592	1
158	593	1
158	594	1
158	595	1
158	596	1
158	597	1
158	598	1
158	599	1
158	600	1
158	601	1
158	602	1
158	603	1
158	604	1
158	605	1
158	606	1
158	607	1
158	608	1
158	609	1
158	610	1
158	611	1
158	612	1
158	613	1
158	614	1
158	615	1
158	616	1
158	617	1
158	618	1
159	11	1
159	93	1
159	96	1
159	97	1
159	94	1
159	4	1
159	127	1
159	0	1
159	99	1
159	100	1
159	101	1
159	5	1
159	6	1
159	109	1
159	23	1
159	95	1
159	133	1
160	93	1
160	94	1
160	204	1
160	127	1
160	109	1
160	1	1
160	23	1
160	441	1
160	272	1
160	113	1
161	93	1
161	96	1
161	97	1
161	94	1
161	4	1
161	98	1
161	538	1
161	0	1
161	99	1
161	100	1
161	101	1
161	128	1
161	227	1
161	228	1
161	229	1
161	230	1
161	539	1
161	540	1
161	541	1
161	542	1
161	234	1
161	235	1
161	236	1
162	12	1
162	93	1
162	96	1
162	97	1
162	94	1
162	1	1
163	93	1
164	11	1
164	12	1
164	93	1
164	96	1
164	97	1
164	94	1
164	1	1
164	23	1
164	95	1
164	170	1
164	47	1
164	48	1
164	49	1
164	171	1
164	143	1
164	144	1
164	145	1
164	448	1
165	108	1
165	119	1
165	74	1
165	11	1
165	12	1
165	93	1
165	96	1
165	97	1
165	94	1
165	164	1
165	4	1
165	165	1
165	166	1
165	99	1
165	167	1
165	168	1
165	169	1
165	1	1
165	23	1
165	95	1
166	93	1
166	96	1
166	97	1
166	94	1
166	123	1
166	124	1
166	126	1
166	263	1
166	128	1
166	1	1
166	23	1
166	269	1
166	270	1
166	271	1
166	272	1
166	113	1
167	12	1
167	93	1
167	96	1
167	97	1
167	94	1
167	123	1
167	124	1
167	126	1
167	128	1
167	1	1
167	23	1
167	272	1
167	113	1
168	12	1
168	93	1
168	96	1
168	97	1
168	94	1
168	123	1
168	124	1
168	126	1
168	128	1
168	1	1
168	23	1
168	272	1
168	113	1
169	11	1
169	12	1
169	93	1
169	96	1
169	97	1
169	94	1
169	273	1
169	174	1
169	260	1
169	4	1
169	0	1
169	99	1
169	100	1
169	101	1
169	1	1
169	23	1
169	45	1
169	619	1
169	318	1
169	65	1
169	231	1
169	344	1
169	330	1
169	51	1
169	215	1
169	237	1
169	238	1
169	239	1
169	240	1
169	241	1
170	108	1
170	222	1
170	73	1
170	11	1
170	12	1
170	225	1
170	93	1
170	96	1
170	97	1
170	94	1
170	164	1
170	174	1
170	4	1
170	123	1
170	124	1
170	125	1
170	126	1
170	98	1
170	156	1
170	0	1
170	165	1
170	166	1
170	99	1
170	167	1
170	168	1
170	169	1
170	1	1
170	23	1
170	129	1
170	130	1
170	131	1
170	65	1
170	355	1
170	134	1
170	135	1
170	136	1
170	137	1
170	138	1
170	370	1
170	371	1
170	140	1
170	491	1
170	215	1
171	11	1
171	12	1
171	93	1
171	96	1
171	97	1
171	94	1
171	260	1
171	4	1
171	98	1
171	0	1
171	99	1
171	100	1
171	101	1
171	1	1
171	23	1
171	353	1
171	347	1
171	431	1
171	65	1
171	215	1
172	12	1
172	93	1
172	96	1
172	97	1
172	94	1
172	4	1
172	0	1
172	99	1
172	100	1
172	101	1
172	109	1
172	1	1
172	102	1
172	23	1
172	103	1
172	95	1
172	139	1
172	140	1
172	141	1
172	142	1
173	108	1
173	115	1
173	116	1
173	117	1
173	118	1
173	120	1
173	73	1
173	11	1
173	12	1
173	620	1
173	332	1
173	225	1
173	93	1
173	96	1
173	97	1
173	94	1
173	164	1
173	273	1
173	174	1
173	621	1
173	622	1
173	4	1
173	123	1
173	124	1
173	333	1
173	125	1
173	126	1
173	98	1
173	165	1
173	166	1
173	216	1
173	99	1
173	167	1
173	168	1
173	169	1
173	5	1
173	44	1
173	473	1
173	492	1
173	474	1
173	475	1
173	476	1
173	472	1
173	477	1
173	478	1
173	479	1
173	480	1
173	481	1
173	1	1
173	23	1
173	110	1
173	45	1
173	275	1
173	95	1
173	355	1
173	369	1
173	144	1
173	339	1
173	89	1
173	90	1
173	91	1
173	340	1
173	92	1
174	12	1
174	93	1
174	96	1
174	97	1
174	94	1
174	4	1
174	0	1
174	99	1
174	100	1
174	101	1
174	23	1
174	95	1
175	108	1
175	11	1
175	12	1
175	4	1
175	623	1
175	156	1
175	1	1
175	23	1
175	110	1
175	178	1
175	179	1
175	180	1
175	181	1
175	254	1
175	182	1
175	183	1
175	328	1
175	491	1
176	108	1
176	119	1
176	73	1
176	74	1
176	11	1
176	12	1
176	225	1
176	93	1
176	96	1
176	97	1
176	94	1
176	164	1
176	4	1
176	0	1
176	99	1
176	100	1
176	101	1
176	5	1
176	44	1
176	1	1
176	23	1
176	95	1
176	178	1
176	179	1
176	180	1
176	133	1
176	311	1
176	312	1
176	313	1
176	123	1
176	124	1
176	125	1
176	126	1
176	98	1
176	129	1
176	130	1
176	131	1
176	355	1
176	181	1
176	182	1
176	183	1
176	134	1
176	135	1
176	136	1
176	137	1
176	138	1
176	370	1
176	371	1
176	140	1
176	143	1
176	144	1
176	145	1
176	51	1
176	52	1
177	108	1
177	11	1
177	12	1
177	93	1
177	96	1
177	97	1
177	94	1
177	4	1
177	5	1
177	44	1
177	1	1
177	23	1
177	178	1
177	179	1
177	180	1
177	181	1
177	182	1
177	183	1
177	47	1
177	48	1
177	49	1
177	133	1
177	143	1
177	144	1
177	145	1
177	448	1
178	514	1
178	73	1
178	93	1
178	96	1
178	97	1
178	94	1
178	164	1
178	379	1
178	4	1
178	175	1
178	176	1
178	1	1
178	23	1
178	403	1
178	405	1
178	406	1
178	95	1
178	355	1
178	185	1
178	144	1
178	123	1
178	124	1
178	333	1
178	125	1
178	126	1
178	624	1
178	110	1
178	412	1
178	404	1
178	413	1
178	414	1
178	625	1
178	626	1
178	627	1
178	628	1
178	629	1
178	630	1
178	631	1
178	632	1
178	633	1
178	634	1
178	635	1
178	636	1
178	339	1
178	572	1
178	573	1
178	530	1
178	89	1
178	90	1
178	91	1
178	340	1
178	92	1
179	108	1
179	11	1
179	12	1
179	93	1
179	96	1
179	97	1
179	94	1
179	1	1
179	23	1
179	129	1
179	130	1
179	131	1
179	346	1
179	178	1
179	179	1
179	180	1
179	181	1
179	254	1
179	182	1
179	183	1
179	133	1
180	108	1
180	222	1
180	10	1
180	119	1
180	73	1
180	385	1
180	11	1
180	12	1
180	637	1
180	638	1
180	639	1
180	640	1
180	641	1
180	642	1
180	165	1
180	99	1
180	167	1
180	169	1
180	23	1
180	110	1
180	45	1
180	643	1
180	178	1
180	179	1
180	180	1
180	181	1
180	182	1
180	183	1
180	644	1
180	349	1
180	645	1
180	646	1
180	647	1
180	648	1
180	571	1
180	560	1
180	491	1
180	649	1
180	650	1
180	651	1
180	652	1
180	653	1
180	575	1
180	563	1
180	577	1
180	654	1
180	564	1
180	578	1
180	579	1
180	655	1
180	580	1
180	656	1
180	657	1
180	258	1
180	259	1
180	658	1
180	581	1
180	659	1
181	93	1
181	96	1
181	97	1
182	12	1
182	93	1
182	96	1
182	97	1
182	94	1
182	4	1
182	0	1
182	99	1
182	100	1
182	101	1
182	1	1
182	23	1
182	95	1
183	11	1
183	12	1
183	93	1
183	96	1
183	97	1
183	94	1
183	4	1
183	660	1
183	0	1
183	99	1
183	100	1
183	101	1
183	139	1
183	546	1
184	93	1
184	96	1
184	97	1
184	94	1
184	1	1
184	23	1
184	272	1
185	11	1
185	93	1
185	96	1
185	97	1
185	94	1
185	4	1
185	0	1
185	99	1
185	100	1
185	101	1
185	102	1
185	23	1
185	318	1
185	95	1
185	231	1
185	344	1
185	213	1
185	214	1
185	330	1
185	51	1
185	237	1
185	238	1
185	239	1
185	240	1
185	241	1
186	73	1
186	93	1
186	96	1
186	97	1
186	94	1
186	164	1
186	4	1
186	1	1
186	23	1
186	95	1
187	12	1
187	93	1
187	96	1
187	97	1
187	94	1
187	98	1
187	5	1
187	6	1
187	109	1
187	1	1
187	114	1
187	133	1
187	441	1
187	52	1
187	272	1
188	108	1
188	11	1
188	12	1
188	1	1
188	23	1
188	110	1
188	661	1
188	9	1
189	93	1
189	96	1
189	97	1
189	94	1
189	1	1
189	114	1
190	662	1
190	663	1
190	664	1
190	73	1
190	93	1
190	96	1
190	97	1
190	94	1
190	164	1
190	23	1
190	95	1
190	572	1
190	573	1
190	665	1
190	666	1
190	667	1
190	668	1
190	669	1
190	670	1
190	671	1
190	672	1
190	673	1
190	674	1
190	675	1
190	676	1
191	12	1
191	225	1
191	93	1
191	96	1
191	97	1
191	94	1
191	4	1
191	526	1
191	127	1
191	165	1
191	166	1
191	216	1
191	99	1
191	167	1
191	168	1
191	169	1
191	128	1
191	1	1
191	23	1
191	95	1
192	93	1
192	96	1
192	97	1
192	94	1
192	1	1
192	95	1
193	11	1
193	4	1
193	98	1
193	101	1
193	5	1
193	44	1
193	102	1
193	23	1
193	103	1
193	452	1
193	453	1
193	454	1
193	458	1
193	459	1
193	461	1
193	264	1
193	146	1
193	147	1
193	148	1
193	149	1
193	150	1
193	151	1
193	152	1
193	153	1
193	154	1
193	140	1
193	464	1
193	677	1
193	465	1
193	469	1
194	93	1
194	96	1
194	97	1
194	94	1
194	23	1
194	95	1
195	108	1
195	11	1
195	12	1
195	4	1
195	123	1
195	124	1
195	125	1
195	126	1
195	98	1
195	177	1
195	5	1
195	44	1
195	473	1
195	474	1
195	475	1
195	476	1
195	472	1
195	477	1
195	478	1
195	479	1
195	678	1
195	480	1
195	481	1
195	1	1
195	23	1
195	110	1
195	482	1
195	403	1
195	413	1
195	405	1
195	406	1
195	483	1
195	129	1
195	130	1
195	131	1
195	679	1
195	680	1
195	681	1
195	7	1
195	682	1
195	683	1
195	8	1
195	185	1
195	9	1
195	143	1
195	144	1
195	145	1
195	684	1
196	108	1
196	11	1
196	12	1
196	93	1
196	96	1
196	97	1
196	94	1
196	1	1
196	23	1
196	129	1
196	130	1
196	131	1
196	346	1
196	178	1
196	179	1
196	180	1
196	181	1
196	254	1
196	182	1
196	183	1
196	133	1
197	108	1
197	11	1
197	12	1
197	93	1
197	96	1
197	97	1
197	94	1
197	164	1
197	204	1
197	122	1
197	4	1
197	314	1
197	127	1
197	685	1
197	686	1
197	687	1
197	688	1
197	109	1
197	128	1
197	1	1
197	23	1
197	110	1
197	689	1
197	690	1
197	691	1
197	692	1
197	693	1
197	694	1
197	695	1
197	696	1
197	697	1
197	698	1
197	699	1
197	700	1
197	701	1
197	702	1
197	495	1
197	195	1
197	496	1
197	497	1
197	498	1
197	703	1
197	704	1
197	355	1
197	705	1
197	132	1
197	111	1
197	112	1
197	185	1
197	113	1
198	93	1
198	96	1
198	97	1
198	94	1
198	122	1
198	4	1
198	0	1
198	99	1
198	100	1
198	101	1
198	1	1
198	95	1
198	344	1
198	350	1
198	132	1
198	471	1
198	351	1
199	706	1
199	707	1
199	708	1
199	709	1
199	312	1
199	108	1
199	11	1
199	12	1
199	710	1
199	93	1
199	96	1
199	97	1
199	94	1
199	223	1
199	98	1
199	1	1
199	23	1
199	265	1
199	266	1
199	267	1
199	268	1
200	93	1
200	96	1
200	97	1
200	94	1
200	98	1
200	128	1
200	1	1
200	344	1
200	711	1
200	350	1
200	712	1
200	272	1
201	12	1
201	93	1
201	96	1
201	97	1
201	94	1
201	1	1
201	23	1
201	95	1
202	108	1
202	115	1
202	116	1
202	117	1
202	118	1
202	120	1
202	11	1
202	12	1
202	172	1
202	173	1
202	93	1
202	96	1
202	97	1
202	94	1
202	164	1
202	174	1
202	4	1
202	123	1
202	124	1
202	125	1
202	126	1
202	175	1
202	176	1
202	98	1
202	177	1
202	1	1
202	23	1
202	110	1
202	129	1
202	130	1
202	131	1
202	95	1
202	178	1
202	179	1
202	180	1
202	181	1
202	182	1
202	183	1
202	184	1
202	25	1
202	185	1
202	143	1
202	144	1
202	145	1
203	73	1
203	93	1
203	96	1
203	97	1
203	94	1
203	164	1
203	713	1
204	11	1
204	714	1
204	715	1
204	716	1
204	717	1
204	718	1
204	719	1
204	720	1
204	721	1
204	1	1
204	23	1
204	9	1
204	722	1
205	93	1
205	96	1
205	97	1
206	93	1
206	96	1
206	97	1
206	94	1
207	93	1
207	96	1
207	97	1
208	108	1
208	73	1
208	11	1
208	93	1
208	96	1
208	97	1
208	94	1
208	164	1
208	526	1
208	127	1
208	1	1
208	23	1
208	110	1
209	12	1
209	93	1
209	96	1
209	97	1
210	11	1
210	12	1
210	93	1
210	96	1
210	97	1
210	94	1
210	4	1
210	123	1
210	124	1
210	125	1
210	126	1
210	23	1
210	129	1
210	130	1
210	131	1
210	346	1
210	95	1
210	170	1
210	184	1
210	171	1
210	143	1
210	144	1
210	145	1
211	93	1
211	96	1
211	97	1
212	11	1
212	93	1
212	96	1
212	97	1
212	94	1
212	98	1
212	128	1
212	1	1
212	131	1
212	346	1
212	344	1
212	711	1
212	350	1
212	712	1
212	528	1
212	529	1
212	272	1
212	471	1
213	12	1
213	93	1
213	96	1
213	97	1
213	94	1
213	164	1
213	1	1
213	23	1
213	95	1
214	11	1
214	93	1
214	96	1
214	97	1
214	94	1
214	4	1
214	211	1
214	212	1
214	177	1
214	165	1
214	166	1
214	99	1
214	167	1
214	168	1
214	169	1
214	5	1
214	44	1
214	1	1
214	23	1
214	95	1
214	170	1
214	47	1
214	48	1
214	49	1
214	133	1
214	138	1
214	171	1
214	143	1
214	144	1
214	145	1
214	448	1
214	723	1
214	724	1
214	725	1
214	726	1
214	727	1
214	728	1
214	729	1
214	730	1
214	731	1
215	108	1
215	115	1
215	116	1
215	117	1
215	118	1
215	120	1
215	73	1
215	11	1
215	93	1
215	96	1
215	97	1
215	94	1
215	164	1
215	4	1
215	526	1
215	127	1
215	128	1
215	23	1
215	110	1
215	568	1
216	12	1
216	93	1
216	96	1
216	97	1
216	94	1
216	4	1
216	1	1
216	102	1
216	23	1
216	194	1
216	63	1
216	195	1
216	196	1
216	197	1
216	95	1
216	213	1
216	269	1
216	270	1
216	271	1
216	214	1
216	732	1
216	733	1
216	734	1
216	735	1
216	736	1
216	737	1
216	738	1
216	739	1
217	93	1
217	96	1
217	97	1
217	94	1
218	108	1
218	119	1
218	74	1
218	11	1
218	12	1
218	93	1
218	96	1
218	97	1
218	94	1
218	123	1
218	124	1
218	126	1
218	1	1
218	23	1
218	95	1
219	93	1
219	96	1
220	108	1
220	119	1
220	74	1
220	11	1
220	12	1
220	93	1
220	96	1
220	97	1
220	94	1
220	1	1
220	23	1
220	95	1
221	12	1
221	93	1
221	96	1
221	97	1
221	94	1
221	1	1
221	23	1
221	113	1
222	93	1
222	96	1
222	97	1
222	94	1
222	4	1
222	274	1
222	98	1
222	224	1
222	0	1
222	99	1
222	100	1
222	101	1
222	1	1
222	102	1
222	23	1
222	194	1
222	63	1
222	195	1
222	196	1
222	197	1
222	95	1
222	276	1
222	277	1
222	213	1
222	139	1
222	140	1
222	141	1
222	142	1
222	214	1
222	113	1
223	12	1
223	93	1
223	96	1
223	97	1
223	94	1
223	164	1
223	1	1
224	108	1
224	119	1
224	74	1
224	11	1
224	12	1
224	93	1
224	96	1
224	97	1
224	94	1
224	164	1
224	1	1
224	23	1
224	95	1
225	108	1
225	73	1
225	11	1
225	12	1
225	93	1
225	96	1
225	97	1
225	94	1
225	164	1
225	174	1
225	4	1
225	212	1
225	98	1
225	165	1
225	166	1
225	216	1
225	99	1
225	167	1
225	168	1
225	169	1
225	5	1
225	44	1
225	1	1
225	23	1
225	95	1
225	180	1
225	254	1
225	531	1
225	740	1
225	369	1
225	52	1
225	741	1
226	73	1
226	11	1
226	93	1
226	96	1
226	97	1
226	94	1
226	164	1
226	204	1
226	4	1
226	127	1
226	165	1
226	166	1
226	99	1
226	167	1
226	168	1
226	169	1
226	23	1
226	275	1
226	95	1
226	105	1
227	12	1
227	93	1
227	96	1
227	97	1
227	94	1
227	4	1
227	274	1
227	165	1
227	166	1
227	99	1
227	167	1
227	168	1
227	169	1
227	1	1
227	23	1
227	95	1
227	276	1
227	277	1
227	139	1
227	370	1
227	140	1
227	141	1
228	93	1
228	96	1
228	97	1
229	93	1
229	96	1
229	97	1
230	12	1
230	93	1
230	96	1
230	97	1
230	94	1
230	4	1
230	0	1
230	99	1
230	100	1
230	101	1
230	109	1
230	95	1
231	108	1
231	119	1
231	74	1
231	11	1
231	12	1
231	93	1
231	96	1
231	97	1
231	94	1
231	164	1
231	1	1
231	23	1
231	95	1
232	12	1
232	93	1
232	96	1
232	97	1
232	94	1
232	4	1
232	274	1
232	98	1
232	0	1
232	99	1
232	100	1
232	101	1
232	109	1
232	128	1
232	23	1
232	550	1
232	95	1
232	227	1
232	228	1
232	229	1
232	230	1
232	276	1
232	107	1
232	234	1
232	235	1
232	236	1
233	12	1
233	93	1
233	96	1
233	97	1
233	94	1
233	4	1
233	274	1
233	98	1
233	0	1
233	99	1
233	100	1
233	101	1
233	109	1
233	128	1
233	23	1
233	550	1
233	95	1
233	227	1
233	228	1
233	229	1
233	230	1
233	276	1
233	107	1
233	234	1
233	235	1
233	236	1
234	12	1
234	93	1
234	96	1
234	97	1
234	94	1
234	4	1
234	274	1
234	98	1
234	0	1
234	99	1
234	100	1
234	101	1
234	109	1
234	128	1
234	23	1
234	550	1
234	95	1
234	227	1
234	228	1
234	229	1
234	230	1
234	276	1
234	107	1
234	441	1
234	234	1
234	235	1
234	236	1
234	272	1
235	12	1
235	93	1
235	96	1
235	97	1
235	94	1
235	4	1
235	274	1
235	98	1
235	0	1
235	99	1
235	100	1
235	101	1
235	109	1
235	128	1
235	23	1
235	550	1
235	95	1
235	227	1
235	228	1
235	229	1
235	230	1
235	276	1
235	107	1
235	234	1
235	235	1
235	236	1
236	108	1
236	119	1
236	74	1
236	11	1
236	12	1
236	93	1
236	96	1
236	97	1
236	94	1
236	1	1
236	23	1
236	95	1
237	108	1
237	119	1
237	74	1
237	11	1
237	12	1
237	93	1
237	96	1
237	97	1
237	94	1
237	1	1
237	23	1
237	95	1
238	93	1
238	96	1
238	97	1
238	94	1
238	5	1
238	6	1
238	344	1
238	350	1
238	133	1
238	52	1
238	351	1
239	93	1
239	96	1
239	97	1
239	94	1
239	4	1
239	0	1
239	99	1
239	100	1
239	101	1
239	23	1
239	95	1
239	133	1
239	139	1
239	140	1
239	141	1
239	142	1
239	433	1
239	434	1
239	435	1
239	436	1
239	437	1
239	438	1
239	439	1
239	440	1
239	441	1
239	296	1
239	272	1
240	12	1
240	93	1
240	96	1
240	97	1
240	94	1
240	223	1
240	98	1
240	1	1
240	23	1
240	95	1
241	93	1
241	96	1
241	97	1
242	11	1
242	12	1
242	93	1
242	96	1
242	97	1
242	94	1
242	4	1
242	98	1
242	127	1
242	0	1
242	99	1
242	100	1
242	101	1
242	128	1
242	509	1
242	23	1
242	319	1
242	320	1
242	323	1
242	324	1
242	325	1
242	326	1
242	327	1
242	215	1
243	12	1
243	93	1
243	96	1
243	97	1
243	94	1
243	4	1
243	223	1
243	98	1
243	165	1
243	166	1
243	99	1
243	167	1
243	168	1
243	169	1
243	1	1
243	23	1
243	95	1
244	108	1
244	115	1
244	116	1
244	117	1
244	118	1
244	120	1
244	11	1
244	12	1
244	172	1
244	173	1
244	93	1
244	96	1
244	97	1
244	94	1
244	164	1
244	174	1
244	4	1
244	123	1
244	124	1
244	125	1
244	126	1
244	175	1
244	176	1
244	98	1
244	177	1
244	1	1
244	23	1
244	110	1
244	129	1
244	130	1
244	131	1
244	95	1
244	178	1
244	179	1
244	180	1
244	181	1
244	182	1
244	183	1
244	184	1
244	25	1
244	185	1
244	143	1
244	144	1
244	145	1
245	93	1
245	96	1
245	97	1
245	94	1
245	23	1
245	95	1
246	11	1
246	742	1
246	93	1
246	96	1
246	97	1
246	94	1
246	122	1
246	4	1
246	0	1
246	99	1
246	100	1
246	101	1
246	128	1
246	132	1
247	260	1
247	4	1
247	743	1
247	5	1
247	407	1
247	408	1
247	409	1
247	410	1
247	411	1
248	108	1
248	11	1
248	12	1
248	744	1
248	224	1
248	1	1
248	23	1
248	110	1
248	55	1
249	11	1
249	1	1
250	108	1
250	10	1
250	11	1
250	12	1
250	224	1
250	23	1
250	745	1
251	108	1
251	11	1
251	746	1
251	4	1
251	123	1
251	124	1
251	125	1
251	126	1
251	98	1
251	1	1
251	23	1
251	129	1
251	130	1
251	131	1
251	355	1
251	47	1
251	48	1
251	49	1
251	370	1
251	371	1
251	140	1
251	185	1
251	747	1
251	748	1
251	749	1
251	750	1
251	751	1
251	575	1
251	563	1
251	576	1
251	577	1
251	578	1
251	579	1
251	580	1
252	11	1
252	746	1
252	4	1
252	123	1
252	124	1
252	125	1
252	126	1
252	98	1
252	1	1
252	23	1
252	129	1
252	130	1
252	131	1
252	370	1
252	371	1
252	140	1
252	185	1
252	748	1
252	749	1
252	750	1
252	751	1
252	575	1
252	563	1
252	576	1
252	577	1
252	578	1
252	579	1
252	580	1
253	11	1
253	746	1
253	4	1
253	123	1
253	124	1
253	125	1
253	126	1
253	98	1
253	1	1
253	23	1
253	129	1
253	130	1
253	131	1
253	370	1
253	371	1
253	140	1
253	185	1
253	748	1
253	749	1
253	750	1
253	751	1
253	575	1
253	563	1
253	576	1
253	577	1
253	578	1
253	579	1
253	580	1
254	1	1
255	108	1
255	11	1
255	12	1
255	174	1
255	582	1
255	156	1
255	1	1
255	23	1
255	110	1
255	47	1
255	48	1
255	49	1
255	491	1
255	752	1
255	753	1
255	754	1
255	755	1
255	756	1
256	108	1
256	11	1
256	12	1
256	174	1
256	582	1
256	156	1
256	1	1
256	23	1
256	110	1
256	47	1
256	48	1
256	49	1
256	491	1
256	752	1
256	753	1
256	754	1
256	755	1
256	756	1
257	108	1
257	115	1
257	116	1
257	117	1
257	222	1
257	118	1
257	119	1
257	120	1
257	73	1
257	11	1
257	12	1
257	757	1
257	758	1
257	759	1
257	760	1
257	641	1
257	191	1
257	156	1
257	165	1
257	166	1
257	216	1
257	99	1
257	167	1
257	168	1
257	316	1
257	169	1
257	1	1
257	23	1
257	110	1
257	45	1
257	193	1
257	65	1
257	761	1
257	328	1
257	762	1
257	79	1
257	349	1
257	560	1
257	491	1
257	52	1
257	200	1
257	201	1
257	763	1
257	764	1
257	765	1
257	766	1
257	767	1
257	768	1
257	575	1
257	563	1
257	576	1
257	577	1
257	578	1
257	579	1
257	580	1
257	202	1
257	581	1
257	769	1
258	5	1
258	1	1
259	108	1
259	11	1
259	12	1
259	1	1
259	23	1
259	110	1
260	11	1
260	4	1
260	98	1
260	770	1
260	5	1
260	44	1
260	23	1
260	104	1
261	108	1
261	115	1
261	116	1
261	117	1
261	10	1
261	118	1
261	119	1
261	120	1
261	73	1
261	11	1
261	12	1
261	156	1
261	1	1
261	23	1
261	46	1
261	65	1
261	47	1
261	48	1
261	49	1
261	328	1
261	771	1
261	772	1
261	491	1
261	558	1
261	215	1
262	108	1
262	4	1
262	71	1
262	1	1
262	23	1
263	773	1
263	774	1
263	775	1
263	776	1
263	777	1
263	1	1
263	23	1
263	778	1
264	108	1
264	115	1
264	116	1
264	117	1
264	118	1
264	119	1
264	120	1
264	384	1
264	11	1
264	12	1
264	4	1
264	156	1
264	5	1
